10013661
10235
10238872
10249481
10328761
10407447
10425317
10519510
10534576
10560692
10624289
10692025
10738268
10828901
10889808
10900154
10951018
10955031
11028606
11062810
11112416
11240626
11268991
11328921
11451614
11474719
11478111
11500313
11574012
11580255
11640358
11731509
11738625
11794115
11805173
11850097
11860203
11878714
11885454
11888520
11933112
11937565
11997807
12001766
12018385
12043958
12139130
12200730
12302184
12307955
12315155
12325423
12340452
12438542
12445181
12447524
12471692
12475051
12482602
12485584
12510810
12538
12551043
12759859
12777140
12854937
12909292
12981629
12981935
13018306
13051617
13077428
13088782
13148923
13181694
13184693
13233732
13301738
13311434
13320814
13408998
13413777
13445347
13472087
13568860
13607551
13613993
13618074
13652147
13744036
13753174
13943500
14043216
14098869
14234603
14296906
14327972
14376540
14445404
14520585
14602042
14614962
14732497
14894176
14907639
14946799
14961162
14993608
15191466
15212222
15268390
15316111
15398349
15739584
15754304
15780934
15901943
15936646
16143364
16202842
16279524
16390558
16490799
16509272
16515433
16571144
16610952
16653341
16757837
16791339
16861207
16864815
16910654
16996057
17009191
17121679
1743960
1758548
1761398
17669432
17672904
17799971
17826146
17831070
17839541
17913311
17951619
18070847
18071211
18073328
18240056
18312669
18438367
18440214
188248
18866567
18974683
19020076
19092686
19200042
19210994
19251827
19359764
19385049
19595200
19620998
19676253
19769588
19775584
19909375
19940485
19951168
20092586
20102459
20166723
20310009
20323515
20349257
20352613
2036030
20373920
20442937
20459190
20480542
20485685
20505015
20507861
20515929
20536645
20554561
20562224
20633360
20642201
20725419
20791686
20901209
20909931
20934094
20959994
20980141
20984836
21028162
21048056
21127755
21189151
2121029
21249562
21252010
21285853
21285867
21294647
21298404
21342339
21365674
21390973
21423377
21426377
21426608
21457245
21501575
21522730
21531872
21551155
21598685
21619057
21646229
21651505
21654968
21704790
21713635
21760336
21767414
21784501
21786443
21821631
21836759
21859963
21911424
21966036
21994413
22021943
22060675
22067425
22131722
22134385
22151578
22208353
2224195
22258844
22277613
22292255
22296053
22300148
22300779
22314419
22325522
22355510
22367713
22372615
22440544
22500957
22528761
22573484
22587148
22609104
22645663
22696136
22724289
22726630
22776422
22810025
22862417
22882450
22950737
22953290
22977402
22994694
2305779
23132850
23152474
23158273
23189604
23271497
23289212
23292749
23293593
23303386
23315404
23318664
23328775
23347194
23372857
23451796
23454599
23493354
23518574
23518922
23578231
23619161
2384337
2465201
2485449
2485502
3604816
3604839
3699319
3710909
3777102
3781112
3820815
4185889
4333327
434202
4353081
4383598
4464465
4470190
460788
460872
468399
4756992
4785394
4812761
482593
4836031
4847197
4849796
48543
507863
515710
54602
58924
7937130
8120367
8227398
8403419
8429281
8449149
8498298
8527179
8716025
9024947
9038434
9115973
9265021
9337799
9438935
9565262
9578642
9616422
9638331
9667806
9697864
9856999
9876891
9965818
9977649
